Μ 011111151111131110Ἰῖ’101111111111111111118.1116181111Ι

111111111111ῼ1Η11111111111111,1111111111-111.11111111 1111 1111111111111111111111111
111111,11.11,11111111111111111111111111111111111111· 11111,11111111 1111 1111111111 bamini Ambrosii

Nummorum! 1111111111, 1111111 11111111111111111111111111111111111111111

¹ 11111111111111111111111 cuncta 1111111111111111111111111· 111 11111111111111 Nm 11 1111111 hu 11111111,

1111111111 wa pem. (1111111111 tamnen· 111111111111“111111111111111 mmmmm 111
111, «mmmm 1111 1111111111. amm 1111 1υ11111111,111111111111111111ἰ1111111-
1111111,1111·1,1111111111111111,11111,1111- 1111,111111111111111111 crimmum! 111111
“ 11111111111111111111111111μω111 11111111 111111 1111111111111111111111111111111111Αιιοι1111
aa 1111111 ; 11111111111111 1111111, apen 111111111- 11111111111111111 111111111111111111111111111111
mun· 11111111111(111111111,11 1111111111 111111111111111111111111111,1111111111111111111111
1111111111 11 111111111111 11111111, 111111 1111111111111111111111111111111111111111111111
m 111111111111111111111111111ς 111 111 11111 1111111111111111111μιοοω1111111ι1111111
11111111,01111·11111111111111111111111111111,111- 11111111111111111111111111111111,1111 1111111111
mmmmm 1111111111111,11111111111111- 11111111111111111111111111111111111111111111,
111111111111 1111111111111111111111111111111. sod 11 11111 1111111111, 11 111111 111111 1111111111 11-
111, 1111111, 111111 11111111. 11111 111111, 1111 1111111 1111111111, mmmmm? 1111111111, qm
m 11111111 monem 11111,111111111 11 1111 11111111, 111 111111, 1111 11111111 (nr
11111111111111111111,111111111111111,1111111,111 dere, 1111111111 1111111111 1111111111 1111-
111 11111111111111,111 1111111111111111111 1111111111 11111111, 1 1111111111 1111111111 11-
·. 1111111111,οΜ1111111 1111111111 11111111- 11111.
mque 11111111 mmmmm 1111111,1111 11111111.. Qum 1111111 mammonin*
111111111111111111111111111111111111. mummium-mmmmm
11111. 111.. numine 11111111 dim 11 damnatum 11111111 111111 11111111 111 111111 1111111, 1111111111
111 1111111111, 11 111111 1111111 11111111 11111111 1111111111111111, 1111111111111111111111 11
11111111111111111111111 11 11111 1111111111 111111111,11111111111 1111111 mmm 111111
111 1111αή111111 1111111 ,111 1111111 1111111111,111111111,11 1111 m 11111 1111111 1111111111,111
1111111111111 11 111111 1111111111 11 1111111111111 11111111 1111111111.
1111111111 1111111111 1111111111· ,11111 11 111 11111111 111. 111111 1111111 1111111111 111 11111 111111 111-
111111111 1111111111 111 1111111111 1111111, 1111111- 11111111. 11111 1111111111 11111111 11111 11111111 111111
1111 1111111 1111111111 admixtionem, 1111111 1111 11111 1111111111 1111111111 11111 1111111111-
1111111111111111111131111,111111111111111111111 11111 111111 1111111111 11111111111111111111111111111111
1111111111,111111111111111111111111111, 11111111- 111 1111 1111111111 11 1111 11111 1111111,11111111111
111 111 111111 111 1111111 11111111,11111111,11111 11111111111111111111111111111111111111111111111
11111,1111111111111111111111 111111. 111111111111111111,1111111111111111111111111111.
111. 11111, 11 1111 1111111111111 1111111 11111 1111- Quod 1111111111 1111111111, 11111 1111111111111

’ -mm 1111111111 11111111111111- 11111111,111111,111111.1111111111111-

11· mmm 111111111111111111111111 corpore, 111 111 1111111111 11 1111111111, 11 1111111111 11111-
11111111111111111111111111111111·1111111111111111 1111111111 11 1111111111 1111111111, 1111 11 1111111
1111111111 nium 11111 11111111111111111111111111111 11111111111,1111111111111111111111111111111111 111-
11111. 11111111111111 111111111111111111111111111- 11111 1111111111 111111, 1111111 111 umnam· ε
111111111111111111111111111111111111111111111,11111111 1111 11111111 11111 11111111111111 11111 1111111 h·-
11111111111111111111111111,1111111111111111111111111. 11111111111111111111111 si 1111111 memb-omn

1111111 lut. 11111111 1111,111111111111111 11111, 111111 1111111, 1111 111111 11111111 1111111111-
11111111111111 11111111,111111111111 11111 1111111111 111111111111111111111111111111111111111111111
111111, cuju· 1111111111 1111111111 1111111111 opus (111· 11111, 11 ammineum 111111111111 iu
* 1111, 111111-111111111111 11111111 1111111 1111111111 1111111111 11111111 1111111111111, »ou 111 1111111
111111 111111111111111111111111111111111111111111, 1111111111 111· 11111111 11111111 1111111111ῌά 111
111 1111111111 11111111, 1111111111 1111111111, 11 11111 111111 111111111111111 nummi-n, 11111
111111 11ἀ11111ή11111111111111111111111111 mc 1111111111111111111 1· 111111 111111 1111111111, velis
1111,1111111ιιω11111111,11111111111- 111111111111111111111111111111111111
uitium η 1111. 1 Μ mm'm 1111111 111111 est. 11111111111111111111111 1111111111 mm, 11111
11111111 1111111, 1111111 11111 111111 1111111111 11- cum 1111 1111111 1111111111 111111 : 111 1111111111 me
11111111, ‹na-him 111111·11’ 1111 1111111, 1111- 11 1111111111111111111 1111111111,111 11 &ymnus ,
&oth-qinom 1111111111 111111111111111111. 1111111111, 1111111 1111111111, 11111111 11 1111111111
1111111111 mirum 111 quod criminatur 11 mortuos, catholicam 111111. ’111111 1111 1111111111, 111111 1111111-
1111 criminatur 1111111111. , sius, Cyprianus 11 111111111 1111111111111111111 11111 :

’ 11111111111111111111 1111111111, 11111111 11111111,
:munmw' Ι
taess'ffig, praeferre. 1111111111111111111111111111111111

 

